
mean_H_error3:  [7.2446827284044755, 5.033687258129438, 5.577286784903298, 5.503693460361475, 4.19645202752541]

multy:
mean_H_error2:  [5.727648882356975, 6.915346425930174, 5.033687258129438]


